1	160	160	166	178	139	139	157	157	158	158	158
2	1	160	160	166	166	139	142	157	157	158	158
3	1	160	160	166	166	130	130	-9	-9	158	158
4	1	160	160	166	166	133	133	157	157	158	158
5	1	160	160	166	166	130	142	160	160	158	158
6	1	160	160	166	166	136	136	160	169	158	158
7	1	160	160	169	169	142	142	160	160	158	158
8	1	160	160	169	169	139	139	160	160	160	160
9	1	160	160	166	166	139	142	160	160	162	162
10	1	160	160	166	166	139	139	160	160	160	160
11	1	160	160	166	166	133	133	160	160	160	160
12	1	160	160	166	166	142	142	160	160	160	160
13	1	160	160	166	166	133	133	160	160	162	162
14	1	160	160	166	166	136	136	160	160	160	160
15	1	163	163	166	166	136	139	160	160	162	162
16	1	163	163	169	169	139	139	163	163	162	162
17	1	160	160	169	178	139	142	157	169	160	160
18	2	157	157	166	166	136	139	157	169	160	160
19	2	157	157	166	166	142	142	157	169	158	158
20	2	160	160	166	166	136	139	157	169	158	158
21	2	160	160	166	166	142	142	157	157	160	160
22	2	160	160	166	166	133	133	160	172	160	160
23	2	160	160	166	166	-9	-9	157	157	158	158
24	2	160	160	166	178	139	139	157	157	162	162
25	2	160	160	166	166	139	139	160	169	160	160
26	2	160	160	166	166	139	139	160	169	160	160
27	2	160	160	166	166	133	136	160	169	160	160
28	2	160	160	163	163	130	142	160	169	160	160
29	3	160	160	166	166	133	139	160	160	162	162
30	3	157	157	166	166	139	139	157	157	160	160
31	3	157	157	163	163	139	139	157	157	158	158
32	3	157	157	163	163	133	142	157	169	156	156
33	3	160	160	166	166	133	139	157	157	158	158
34	3	160	160	166	166	139	139	157	157	156	156
35	3	160	160	166	166	133	139	160	160	158	158
36	3	160	160	166	166	139	139	160	169	158	158
37	3	160	160	166	166	139	139	157	157	160	160
38	3	160	160	163	163	124	133	160	160	160	160
39	3	160	160	163	163	136	139	157	157	160	160
40	3	160	160	166	166	133	139	160	169	160	160
41	3	160	160	166	166	130	139	157	169	160	162
42	3	160	160	163	163	124	133	157	157	162	162
43	3	160	160	157	166	133	139	160	172	160	160
44	3	160	160	157	166	130	136	160	160	160	160
45	3	160	160	166	166	139	139	160	160	162	162
46	3	157	157	166	178	133	139	157	169	156	156
47	4	163	163	166	166	139	139	160	160	162	162
48	4	163	163	166	166	133	139	160	172	162	162
49	4	160	160	166	166	133	142	160	172	160	160
50	4	160	160	163	163	139	139	160	160	160	160
51	4	160	160	166	166	139	142	160	160	162	162
52	4	160	160	157	166	133	139	160	160	162	162
53	4	160	160	157	163	133	139	160	160	160	160
54	4	160	160	166	166	142	142	160	160	160	160
55	5	160	160	163	181	142	142	151	178	127	127
56	5	154	285	163	163	132	142	151	151	127	136
57	5	148	288	181	181	129	142	166	181	136	142
58	5	182	182	160	184	135	145	157	178	133	133
59	5	157	285	178	178	135	135	160	175	133	142
60	5	182	182	178	178	145	145	175	175	142	142
61	5	160	282	166	175	126	135	160	160	136	139
62	5	160	285	169	166	126	126	163	175	139	139
63	5	163	285	157	166	120	145	151	178	130	133
64	5	288	288	154	178	132	148	151	181	133	133
65	5	157	157	160	160	132	142	154	166	142	142
66	5	166	166	172	172	135	139	154	154	133	148
67	6	151	251	157	175	129	129	166	166	148	148
68	6	142	142	181	181	132	139	169	178	139	139
69	6	154	282	157	181	126	145	157	157	139	139
70	6	157	282	160	160	117	142	157	157	142	142
71	6	148	148	166	184	120	132	160	160	130	142
72	6	169	285	166	169	129	132	157	178	133	142
73	6	172	172	153	175	132	132	166	178	133	136
74	6	153	282	153	153	132	138	166	169	136	136
75	6	157	282	160	185	138	148	160	178	130	145
76	6	160	288	163	163	138	138	163	172	127	130
77	6	285	282	160	160	120	145	160	172	127	130
78	6	160	288	157	175	135	142	172	172	130	130
